ActiveModelCells.asc
NCOLS 137
NROWS 153
XLLCORNER 0.000000
YLLCORNER 0.000000
CELLSIZE 400.000000
NODATA_VALUE 0
[rows 125 to 149 of 153, columns 0 to 56 of 137]
0.00000 0.00000 0.00000 0.00000 0.00000 0.00000 0.00000 0.00000 0.00000 0.00000 0.00000 0.00000 0.00000 0.00000 0.00000 0.00000 0.00000 0.00000 0.00000 0.00000 0.00000 0.00000 3492.00000 3645.00000 3798.00000 3951.00000 4104.00000 4257.00000 4410.00000 4563.00000 4716.00000 4869.00000 5022.00000 5175.00000 5328.00000 5481.00000 5634.00000 5787.00000 5940.00000 6093.00000 6246.00000 6399.00000 6552.00000 6705.00000 6858.00000 7011.00000 7164.00000 7317.00000 7470.00000 7623.00000 7776.00000 7929.00000 8082.00000 8235.00000 8388.00000 8541.00000 8694.00000
0.00000 0.00000 0.00000 0.00000 0.00000 0.00000 0.00000 0.00000 0.00000 0.00000 0.00000 0.00000 0.00000 0.00000 0.00000 0.00000 0.00000 0.00000 0.00000 0.00000 0.00000 0.00000 3493.00000 3646.00000 3799.00000 3952.00000 4105.00000 4258.00000 4411.00000 4564.00000 4717.00000 4870.00000 5023.00000 5176.00000 5329.00000 5482.00000 5635.00000 5788.00000 5941.00000 6094.00000 6247.00000 6400.00000 6553.00000 6706.00000 6859.00000 7012.00000 7165.00000 7318.00000 7471.00000 7624.00000 7777.00000 7930.00000 8083.00000 8236.00000 8389.00000 8542.00000 8695.00000
0.00000 0.00000 0.00000 0.00000 0.00000 0.00000 0.00000 0.00000 0.00000 0.00000 0.00000 0.00000 0.00000 0.00000 0.00000 0.00000 0.00000 0.00000 0.00000 0.00000 0.00000 0.00000 0.00000 3647.00000 3800.00000 3953.00000 4106.00000 4259.00000 4412.00000 4565.00000 4718.00000 4871.00000 5024.00000 5177.00000 5330.00000 5483.00000 5636.00000 5789.00000 5942.00000 6095.00000 6248.00000 6401.00000 6554.00000 6707.00000 6860.00000 7013.00000 7166.00000 7319.00000 7472.00000 7625.00000 7778.00000 7931.00000 8084.00000 8237.00000 8390.00000 8543.00000 8696.00000
0.00000 0.00000 0.00000 0.00000 0.00000 0.00000 0.00000 0.00000 0.00000 0.00000 0.00000 0.00000 0.00000 0.00000 0.00000 0.00000 0.00000 0.00000 0.00000 0.00000 0.00000 0.00000 3495.00000 3648.00000 3801.00000 3954.00000 4107.00000 4260.00000 4413.00000 4566.00000 4719.00000 4872.00000 5025.00000 5178.00000 5331.00000 5484.00000 5637.00000 5790.00000 5943.00000 6096.00000 6249.00000 6402.00000 6555.00000 6708.00000 6861.00000 7014.00000 7167.00000 7320.00000 7473.00000 7626.00000 7779.00000 7932.00000 8085.00000 8238.00000 8391.00000 8544.00000 8697.00000
0.00000 0.00000 0.00000 0.00000 0.00000 0.00000 0.00000 0.00000 0.00000 0.00000 0.00000 0.00000 0.00000 0.00000 0.00000 0.00000 0.00000 0.00000 0.00000 0.00000 0.00000 0.00000 0.00000 3649.00000 3802.00000 3955.00000 4108.00000 4261.00000 4414.00000 4567.00000 4720.00000 4873.00000 5026.00000 5179.00000 5332.00000 5485.00000 5638.00000 5791.00000 5944.00000 6097.00000 6250.00000 6403.00000 6556.00000 6709.00000 6862.00000 7015.00000 7168.00000 7321.00000 7474.00000 7627.00000 7780.00000 7933.00000 8086.00000 8239.00000 8392.00000 8545.00000 8698.00000
0.00000 0.00000 0.00000 0.00000 0.00000 0.00000 0.00000 0.00000 0.00000 0.00000 0.00000 0.00000 0.00000 0.00000 0.00000 0.00000 0.00000 0.00000 0.00000 0.00000 0.00000 0.00000 0.00000 3650.00000 3803.00000 3956.00000 4109.00000 4262.00000 4415.00000 4568.00000 4721.00000 4874.00000 5027.00000 5180.00000 5333.00000 5486.00000 5639.00000 5792.00000 5945.00000 6098.00000 6251.00000 6404.00000 6557.00000 6710.00000 6863.00000 7016.00000 7169.00000 7322.00000 7475.00000 7628.00000 7781.00000 7934.00000 8087.00000 8240.00000 8393.00000 8546.00000 8699.00000
0.00000 0.00000 0.00000 0.00000 0.00000 0.00000 0.00000 0.00000 0.00000 0.00000 0.00000 0.00000 0.00000 0.00000 0.00000 0.00000 0.00000 0.00000 0.00000 0.00000 0.00000 0.00000 0.00000 0.00000 3804.00000 3957.00000 4110.00000 4263.00000 4416.00000 4569.00000 4722.00000 4875.00000 5028.00000 5181.00000 5334.00000 5487.00000 5640.00000 5793.00000 5946.00000 6099.00000 6252.00000 6405.00000 6558.00000 6711.00000 6864.00000 7017.00000 7170.00000 7323.00000 7476.00000 7629.00000 7782.00000 7935.00000 8088.00000 8241.00000 8394.00000 8547.00000 8700.00000
0.00000 0.00000 0.00000 0.00000 0.00000 0.00000 0.00000 0.00000 0.00000 0.00000 0.00000 0.00000 0.00000 0.00000 0.00000 0.00000 0.00000 0.00000 0.00000 0.00000 0.00000 0.00000 0.00000 0.00000 3805.00000 3958.00000 4111.00000 4264.00000 4417.00000 4570.00000 4723.00000 4876.00000 5029.00000 5182.00000 5335.00000 5488.00000 5641.00000 5794.00000 5947.00000 6100.00000 6253.00000 6406.00000 6559.00000 6712.00000 6865.00000 7018.00000 7171.00000 7324.00000 7477.00000 7630.00000 7783.00000 7936.00000 8089.00000 8242.00000 8395.00000 8548.00000 8701.00000
0.00000 0.00000 0.00000 0.00000 0.00000 0.00000 0.00000 0.00000 0.00000 0.00000 0.00000 0.00000 0.00000 0.00000 0.00000 0.00000 0.00000 0.00000 0.00000 0.00000 0.00000 0.00000 0.00000 3653.00000 3806.00000 3959.00000 4112.00000 4265.00000 4418.00000 4571.00000 4724.00000 4877.00000 5030.00000 5183.00000 5336.00000 5489.00000 5642.00000 5795.00000 5948.00000 6101.00000 6254.00000 6407.00000 6560.00000 6713.00000 6866.00000 7019.00000 7172.00000 7325.00000 7478.00000 7631.00000 7784.00000 7937.00000 8090.00000 8243.00000 8396.00000 8549.00000 8702.00000
0.00000 0.00000 0.00000 0.00000 0.00000 0.00000 0.00000 0.00000 0.00000 0.00000 0.00000 0.00000 0.00000 0.00000 0.00000 0.00000 0.00000 0.00000 0.00000 0.00000 0.00000 0.00000 0.00000 3654.00000 3807.00000 3960.00000 4113.00000 4266.00000 4419.00000 4572.00000 4725.00000 4878.00000 5031.00000 5184.00000 5337.00000 5490.00000 5643.00000 5796.00000 5949.00000 6102.00000 6255.00000 6408.00000 6561.00000 6714.00000 6867.00000 7020.00000 7173.00000 7326.00000 7479.00000 7632.00000 7785.00000 7938.00000 8091.00000 8244.00000 8397.00000 8550.00000 8703.00000
0.00000 0.00000 0.00000 0.00000 0.00000 0.00000 0.00000 0.00000 0.00000 0.00000 0.00000 0.00000 0.00000 0.00000 0.00000 0.00000 0.00000 0.00000 0.00000 0.00000 0.00000 0.00000 0.00000 3655.00000 3808.00000 3961.00000 4114.00000 4267.00000 4420.00000 4573.00000 4726.00000 4879.00000 5032.00000 5185.00000 5338.00000 5491.00000 5644.00000 5797.00000 5950.00000 6103.00000 6256.00000 6409.00000 6562.00000 6715.00000 6868.00000 7021.00000 7174.00000 7327.00000 7480.00000 7633.00000 7786.00000 7939.00000 8092.00000 8245.00000 8398.00000 8551.00000 8704.00000
0.00000 0.00000 0.00000 0.00000 0.00000 0.00000 0.00000 0.00000 0.00000 0.00000 0.00000 0.00000 0.00000 0.00000 0.00000 0.00000 0.00000 0.00000 0.00000 0.00000 0.00000 0.00000 0.00000 0.00000 3809.00000 3962.00000 4115.00000 4268.00000 4421.00000 4574.00000 4727.00000 4880.00000 5033.00000 5186.00000 5339.00000 5492.00000 5645.00000 5798.00000 5951.00000 6104.00000 6257.00000 6410.00000 6563.00000 6716.00000 6869.00000 7022.00000 7175.00000 7328.00000 7481.00000 7634.00000 7787.00000 7940.00000 8093.00000 8246.00000 8399.00000 8552.00000 8705.00000
0.00000 0.00000 0.00000 0.00000 0.00000 0.00000 0.00000 0.00000 0.00000 0.00000 0.00000 0.00000 0.00000 0.00000 0.00000 0.00000 0.00000 0.00000 0.00000 0.00000 0.00000 0.00000 0.00000 0.00000 0.00000 3963.00000 4116.00000 4269.00000 4422.00000 4575.00000 4728.00000 4881.00000 5034.00000 5187.00000 5340.00000 5493.00000 5646.00000 5799.00000 5952.00000 6105.00000 6258.00000 6411.00000 6564.00000 6717.00000 6870.00000 7023.00000 7176.00000 7329.00000 7482.00000 7635.00000 7788.00000 7941.00000 8094.00000 8247.00000 8400.00000 8553.00000 8706.00000
0.00000 0.00000 0.00000 0.00000 0.00000 0.00000 0.00000 0.00000 0.00000 0.00000 0.00000 0.00000 0.00000 0.00000 0.00000 0.00000 0.00000 0.00000 0.00000 0.00000 0.00000 0.00000 0.00000 0.00000 0.00000 0.00000 0.00000 4270.00000 4423.00000 4576.00000 4729.00000 4882.00000 5035.00000 5188.00000 5341.00000 5494.00000 5647.00000 5800.00000 5953.00000 6106.00000 6259.00000 6412.00000 6565.00000 6718.00000 6871.00000 7024.00000 7177.00000 7330.00000 7483.00000 7636.00000 7789.00000 7942.00000 8095.00000 8248.00000 8401.00000 8554.00000 8707.00000
0.00000 0.00000 0.00000 0.00000 0.00000 0.00000 0.00000 0.00000 0.00000 0.00000 0.00000 0.00000 0.00000 0.00000 0.00000 0.00000 0.00000 0.00000 0.00000 0.00000 0.00000 0.00000 0.00000 0.00000 0.00000 0.00000 0.00000 0.00000 0.00000 4577.00000 4730.00000 4883.00000 5036.00000 5189.00000 5342.00000 5495.00000 5648.00000 5801.00000 5954.00000 6107.00000 6260.00000 6413.00000 6566.00000 6719.00000 6872.00000 7025.00000 7178.00000 7331.00000 7484.00000 7637.00000 7790.00000 7943.00000 8096.00000 8249.00000 8402.00000 8555.00000 8708.00000
0.00000 0.00000 0.00000 0.00000 0.00000 0.00000 0.00000 0.00000 0.00000 0.00000 0.00000 0.00000 0.00000 0.00000 0.00000 0.00000 0.00000 0.00000 0.00000 0.00000 0.00000 0.00000 0.00000 0.00000 0.00000 0.00000 0.00000 0.00000 0.00000 0.00000 4731.00000 4884.00000 5037.00000 5190.00000 5343.00000 5496.00000 5649.00000 5802.00000 5955.00000 6108.00000 6261.00000 6414.00000 6567.00000 6720.00000 6873.00000 7026.00000 7179.00000 7332.00000 7485.00000 7638.00000 7791.00000 7944.00000 8097.00000 8250.00000 8403.00000 8556.00000 8709.00000
0.00000 0.00000 0.00000 0.00000 0.00000 0.00000 0.00000 0.00000 0.00000 0.00000 0.00000 0.00000 0.00000 0.00000 0.00000 0.00000 0.00000 0.00000 0.00000 0.00000 0.00000 0.00000 0.00000 0.00000 0.00000 0.00000 0.00000 0.00000 0.00000 0.00000 4732.00000 4885.00000 5038.00000 5191.00000 5344.00000 5497.00000 5650.00000 5803.00000 5956.00000 6109.00000 6262.00000 6415.00000 6568.00000 6721.00000 6874.00000 7027.00000 7180.00000 7333.00000 7486.00000 7639.00000 7792.00000 7945.00000 8098.00000 8251.00000 8404.00000 8557.00000 8710.00000
0.00000 0.00000 0.00000 0.00000 0.00000 0.00000 0.00000 0.00000 0.00000 0.00000 0.00000 0.00000 0.00000 0.00000 0.00000 0.00000 0.00000 0.00000 0.00000 0.00000 0.00000 0.00000 0.00000 0.00000 0.00000 0.00000 0.00000 0.00000 0.00000 4580.00000 4733.00000 4886.00000 5039.00000 5192.00000 5345.00000 5498.00000 5651.00000 5804.00000 5957.00000 6110.00000 6263.00000 6416.00000 6569.00000 6722.00000 6875.00000 7028.00000 7181.00000 7334.00000 7487.00000 7640.00000 7793.00000 7946.00000 8099.00000 8252.00000 8405.00000 8558.00000 8711.00000
0.00000 0.00000 0.00000 0.00000 0.00000 0.00000 0.00000 0.00000 0.00000 0.00000 0.00000 0.00000 0.00000 0.00000 0.00000 0.00000 0.00000 0.00000 0.00000 0.00000 0.00000 0.00000 0.00000 0.00000 0.00000 0.00000 0.00000 0.00000 0.00000 4581.00000 4734.00000 4887.00000 5040.00000 5193.00000 5346.00000 5499.00000 5652.00000 5805.00000 5958.00000 6111.00000 6264.00000 6417.00000 6570.00000 6723.00000 6876.00000 7029.00000 7182.00000 7335.00000 7488.00000 7641.00000 7794.00000 7947.00000 8100.00000 8253.00000 8406.00000 8559.00000 8712.00000
0.00000 0.00000 0.00000 0.00000 0.00000 0.00000 0.00000 0.00000 0.00000 0.00000 0.00000 0.00000 0.00000 0.00000 0.00000 0.00000 0.00000 0.00000 0.00000 0.00000 0.00000 0.00000 0.00000 0.00000 0.00000 0.00000 0.00000 0.00000 0.00000 0.00000 0.00000 0.00000 0.00000 0.00000 5347.00000 5500.00000 5653.00000 5806.00000 5959.00000 6112.00000 6265.00000 6418.00000 6571.00000 6724.00000 6877.00000 7030.00000 7183.00000 7336.00000 7489.00000 7642.00000 7795.00000 7948.00000 8101.00000 8254.00000 8407.00000 8560.00000 8713.00000
0.00000 0.00000 0.00000 0.00000 0.00000 0.00000 0.00000 0.00000 0.00000 0.00000 0.00000 0.00000 0.00000 0.00000 0.00000 0.00000 0.00000 0.00000 0.00000 0.00000 0.00000 0.00000 0.00000 0.00000 0.00000 0.00000 0.00000 0.00000 0.00000 0.00000 0.00000 0.00000 0.00000 0.00000 0.00000 5501.00000 5654.00000 5807.00000 5960.00000 6113.00000 6266.00000 6419.00000 6572.00000 6725.00000 6878.00000 7031.00000 7184.00000 7337.00000 7490.00000 7643.00000 7796.00000 7949.00000 8102.00000 8255.00000 8408.00000 8561.00000 8714.00000
0.00000 0.00000 0.00000 0.00000 0.00000 0.00000 0.00000 0.00000 0.00000 0.00000 0.00000 0.00000 0.00000 0.00000 0.00000 0.00000 0.00000 0.00000 0.00000 0.00000 0.00000 0.00000 0.00000 0.00000 0.00000 0.00000 0.00000 0.00000 0.00000 0.00000 0.00000 0.00000 0.00000 0.00000 0.00000 5502.00000 5655.00000 5808.00000 5961.00000 6114.00000 6267.00000 6420.00000 6573.00000 6726.00000 6879.00000 7032.00000 7185.00000 7338.00000 7491.00000 7644.00000 7797.00000 7950.00000 8103.00000 8256.00000 8409.00000 8562.00000 8715.00000
0.00000 0.00000 0.00000 0.00000 0.00000 0.00000 0.00000 0.00000 0.00000 0.00000 0.00000 0.00000 0.00000 0.00000 0.00000 0.00000 0.00000 0.00000 0.00000 0.00000 0.00000 0.00000 0.00000 0.00000 0.00000 0.00000 0.00000 0.00000 0.00000 0.00000 0.00000 0.00000 0.00000 0.00000 5350.00000 5503.00000 5656.00000 5809.00000 5962.00000 6115.00000 6268.00000 6421.00000 6574.00000 6727.00000 6880.00000 7033.00000 7186.00000 7339.00000 7492.00000 7645.00000 7798.00000 7951.00000 8104.00000 8257.00000 8410.00000 8563.00000 8716.00000
0.00000 0.00000 0.00000 0.00000 0.00000 0.00000 0.00000 0.00000 0.00000 0.00000 0.00000 0.00000 0.00000 0.00000 0.00000 0.00000 0.00000 0.00000 0.00000 0.00000 0.00000 0.00000 0.00000 0.00000 0.00000 0.00000 0.00000 0.00000 0.00000 0.00000 0.00000 0.00000 0.00000 0.00000 0.00000 5504.00000 5657.00000 5810.00000 5963.00000 6116.00000 6269.00000 6422.00000 6575.00000 6728.00000 6881.00000 7034.00000 7187.00000 7340.00000 7493.00000 7646.00000 7799.00000 7952.00000 8105.00000 8258.00000 8411.00000 8564.00000 8717.00000
0.00000 0.00000 0.00000 0.00000 0.00000 0.00000 0.00000 0.00000 0.00000 0.00000 0.00000 0.00000 0.00000 0.00000 0.00000 0.00000 0.00000 0.00000 0.00000 0.00000 0.00000 0.00000 0.00000 0.00000 0.00000 0.00000 0.00000 0.00000 0.00000 0.00000 0.00000 0.00000 0.00000 0.00000 0.00000 0.00000 5658.00000 5811.00000 5964.00000 6117.00000 6270.00000 6423.00000 6576.00000 6729.00000 6882.00000 7035.00000 7188.00000 7341.00000 7494.00000 7647.00000 7800.00000 7953.00000 8106.00000 8259.00000 8412.00000 8565.00000 8718.00000
