ActiveModelCells.asc
NCOLS 137
NROWS 153
XLLCORNER 0.000000
YLLCORNER 0.000000
CELLSIZE 400.000000
NODATA_VALUE 0
[rows 25 to 49 of 153, columns 57 to 113 of 137]
8747.00000 8900.00000 9053.00000 9206.00000 9359.00000 9512.00000 9665.00000 9818.00000 9971.00000 10124.00000 10277.00000 10430.00000 10583.00000 10736.00000 10889.00000 11042.00000 11195.00000 11348.00000 11501.00000 11654.00000 11807.00000 11960.00000 12113.00000 12266.00000 12419.00000 12572.00000 12725.00000 12878.00000 13031.00000 13184.00000 13337.00000 13490.00000 13643.00000 13796.00000 13949.00000 14102.00000 14255.00000 14408.00000 14561.00000 14714.00000 14867.00000 15020.00000 15173.00000 15326.00000 15479.00000 15632.00000 15785.00000 15938.00000 16091.00000 16244.00000 16397.00000 16550.00000 16703.00000 16856.00000 17009.00000 17162.00000 17315.00000
8748.00000 8901.00000 9054.00000 9207.00000 9360.00000 9513.00000 9666.00000 9819.00000 9972.00000 10125.00000 10278.00000 10431.00000 10584.00000 10737.00000 10890.00000 11043.00000 11196.00000 11349.00000 11502.00000 11655.00000 11808.00000 11961.00000 12114.00000 12267.00000 12420.00000 12573.00000 12726.00000 12879.00000 13032.00000 13185.00000 13338.00000 13491.00000 13644.00000 13797.00000 13950.00000 14103.00000 14256.00000 14409.00000 14562.00000 14715.00000 14868.00000 15021.00000 15174.00000 15327.00000 15480.00000 15633.00000 15786.00000 15939.00000 16092.00000 16245.00000 16398.00000 16551.00000 16704.00000 16857.00000 17010.00000 17163.00000 17316.00000
8749.00000 8902.00000 9055.00000 9208.00000 9361.00000 9514.00000 9667.00000 9820.00000 9973.00000 10126.00000 10279.00000 10432.00000 10585.00000 10738.00000 10891.00000 11044.00000 11197.00000 11350.00000 11503.00000 11656.00000 11809.00000 11962.00000 12115.00000 12268.00000 12421.00000 12574.00000 12727.00000 12880.00000 13033.00000 13186.00000 13339.00000 13492.00000 13645.00000 13798.00000 13951.00000 14104.00000 14257.00000 14410.00000 14563.00000 14716.00000 14869.00000 15022.00000 15175.00000 15328.00000 15481.00000 15634.00000 15787.00000 15940.00000 16093.00000 16246.00000 16399.00000 16552.00000 16705.00000 16858.00000 17011.00000 17164.00000 17317.00000
8750.00000 8903.00000 9056.00000 9209.00000 9362.00000 9515.00000 9668.00000 9821.00000 9974.00000 10127.00000 10280.00000 10433.00000 10586.00000 10739.00000 10892.00000 11045.00000 11198.00000 11351.00000 11504.00000 11657.00000 11810.00000 11963.00000 12116.00000 12269.00000 12422.00000 12575.00000 12728.00000 12881.00000 13034.00000 13187.00000 13340.00000 13493.00000 13646.00000 13799.00000 13952.00000 14105.00000 14258.00000 14411.00000 14564.00000 14717.00000 14870.00000 15023.00000 15176.00000 15329.00000 15482.00000 15635.00000 15788.00000 15941.00000 16094.00000 16247.00000 16400.00000 16553.00000 16706.00000 16859.00000 17012.00000 17165.00000 17318.00000
8751.00000 8904.00000 9057.00000 9210.00000 9363.00000 9516.00000 9669.00000 9822.00000 9975.00000 10128.00000 10281.00000 10434.00000 10587.00000 10740.00000 10893.00000 11046.00000 11199.00000 11352.00000 11505.00000 11658.00000 11811.00000 11964.00000 12117.00000 12270.00000 12423.00000 12576.00000 12729.00000 12882.00000 13035.00000 13188.00000 13341.00000 13494.00000 13647.00000 13800.00000 13953.00000 14106.00000 14259.00000 14412.00000 14565.00000 14718.00000 14871.00000 15024.00000 15177.00000 15330.00000 15483.00000 15636.00000 15789.00000 15942.00000 16095.00000 16248.00000 16401.00000 16554.00000 16707.00000 16860.00000 17013.00000 17166.00000 17319.00000
8752.00000 8905.00000 9058.00000 9211.00000 9364.00000 9517.00000 9670.00000 9823.00000 9976.00000 10129.00000 10282.00000 10435.00000 10588.00000 10741.00000 10894.00000 11047.00000 11200.00000 11353.00000 11506.00000 11659.00000 11812.00000 11965.00000 12118.00000 12271.00000 12424.00000 12577.00000 12730.00000 12883.00000 13036.00000 13189.00000 13342.00000 13495.00000 13648.00000 13801.00000 13954.00000 14107.00000 14260.00000 14413.00000 14566.00000 14719.00000 14872.00000 15025.00000 15178.00000 15331.00000 15484.00000 15637.00000 15790.00000 15943.00000 16096.00000 16249.00000 16402.00000 16555.00000 16708.00000 16861.00000 17014.00000 17167.00000 17320.00000
8753.00000 8906.00000 9059.00000 9212.00000 9365.00000 9518.00000 9671.00000 9824.00000 9977.00000 10130.00000 10283.00000 10436.00000 10589.00000 10742.00000 10895.00000 11048.00000 11201.00000 11354.00000 11507.00000 11660.00000 11813.00000 11966.00000 12119.00000 12272.00000 12425.00000 12578.00000 12731.00000 12884.00000 13037.00000 13190.00000 13343.00000 13496.00000 13649.00000 13802.00000 13955.00000 14108.00000 14261.00000 14414.00000 14567.00000 14720.00000 14873.00000 15026.00000 15179.00000 15332.00000 15485.00000 15638.00000 15791.00000 15944.00000 16097.00000 16250.00000 16403.00000 16556.00000 16709.00000 16862.00000 17015.00000 17168.00000 17321.00000
8754.00000 8907.00000 9060.00000 9213.00000 9366.00000 9519.00000 9672.00000 9825.00000 9978.00000 10131.00000 10284.00000 10437.00000 10590.00000 10743.00000 10896.00000 11049.00000 11202.00000 11355.00000 11508.00000 11661.00000 11814.00000 11967.00000 12120.00000 12273.00000 12426.00000 12579.00000 12732.00000 12885.00000 13038.00000 13191.00000 13344.00000 13497.00000 13650.00000 13803.00000 13956.00000 14109.00000 14262.00000 14415.00000 14568.00000 14721.00000 14874.00000 15027.00000 15180.00000 15333.00000 15486.00000 15639.00000 15792.00000 15945.00000 16098.00000 16251.00000 16404.00000 16557.00000 16710.00000 16863.00000 17016.00000 17169.00000 17322.00000
8755.00000 8908.00000 9061.00000 9214.00000 9367.00000 9520.00000 9673.00000 9826.00000 9979.00000 10132.00000 10285.00000 10438.00000 10591.00000 10744.00000 10897.00000 11050.00000 11203.00000 11356.00000 11509.00000 11662.00000 11815.00000 11968.00000 12121.00000 12274.00000 12427.00000 12580.00000 12733.00000 12886.00000 13039.00000 13192.00000 13345.00000 13498.00000 13651.00000 13804.00000 13957.00000 14110.00000 14263.00000 14416.00000 14569.00000 14722.00000 14875.00000 15028.00000 15181.00000 15334.00000 15487.00000 15640.00000 15793.00000 15946.00000 16099.00000 16252.00000 16405.00000 16558.00000 16711.00000 16864.00000 17017.00000 17170.00000 17323.00000
8756.00000 8909.00000 9062.00000 9215.00000 9368.00000 9521.00000 9674.00000 9827.00000 9980.00000 10133.00000 10286.00000 10439.00000 10592.00000 10745.00000 10898.00000 11051.00000 11204.00000 11357.00000 11510.00000 11663.00000 11816.00000 11969.00000 12122.00000 12275.00000 12428.00000 12581.00000 12734.00000 12887.00000 13040.00000 13193.00000 13346.00000 13499.00000 13652.00000 13805.00000 13958.00000 14111.00000 14264.00000 14417.00000 14570.00000 14723.00000 14876.00000 15029.00000 15182.00000 15335.00000 15488.00000 15641.00000 15794.00000 15947.00000 16100.00000 16253.00000 16406.00000 16559.00000 16712.00000 16865.00000 17018.00000 17171.00000 17324.00000
8757.00000 8910.00000 9063.00000 9216.00000 9369.00000 9522.00000 9675.00000 9828.00000 9981.00000 10134.00000 10287.00000 10440.00000 10593.00000 10746.00000 10899.00000 11052.00000 11205.00000 11358.00000 11511.00000 11664.00000 11817.00000 11970.00000 12123.00000 12276.00000 12429.00000 12582.00000 12735.00000 12888.00000 13041.00000 13194.00000 13347.00000 13500.00000 13653.00000 13806.00000 13959.00000 14112.00000 14265.00000 14418.00000 14571.00000 14724.00000 14877.00000 15030.00000 15183.00000 15336.00000 15489.00000 15642.00000 15795.00000 15948.00000 16101.00000 16254.00000 16407.00000 16560.00000 16713.00000 16866.00000 17019.00000 17172.00000 17325.00000
8758.00000 8911.00000 9064.00000 9217.00000 9370.00000 9523.00000 9676.00000 9829.00000 9982.00000 10135.00000 10288.00000 10441.00000 10594.00000 10747.00000 10900.00000 11053.00000 11206.00000 11359.00000 11512.00000 11665.00000 11818.00000 11971.00000 12124.00000 12277.00000 12430.00000 12583.00000 12736.00000 12889.00000 13042.00000 13195.00000 13348.00000 13501.00000 13654.00000 13807.00000 13960.00000 14113.00000 14266.00000 14419.00000 14572.00000 14725.00000 14878.00000 15031.00000 15184.00000 15337.00000 15490.00000 15643.00000 15796.00000 15949.00000 16102.00000 16255.00000 16408.00000 16561.00000 16714.00000 16867.00000 17020.00000 17173.00000 17326.00000
8759.00000 8912.00000 9065.00000 9218.00000 9371.00000 9524.00000 9677.00000 9830.00000 9983.00000 10136.00000 10289.00000 10442.00000 10595.00000 10748.00000 10901.00000 11054.00000 11207.00000 11360.00000 11513.00000 11666.00000 11819.00000 11972.00000 12125.00000 12278.00000 12431.00000 12584.00000 12737.00000 12890.00000 13043.00000 13196.00000 13349.00000 13502.00000 13655.00000 13808.00000 13961.00000 14114.00000 14267.00000 14420.00000 14573.00000 14726.00000 14879.00000 15032.00000 15185.00000 15338.00000 15491.00000 15644.00000 15797.00000 15950.00000 16103.00000 16256.00000 16409.00000 16562.00000 16715.00000 16868.00000 17021.00000 17174.00000 17327.00000
8760.00000 8913.00000 9066.00000 9219.00000 9372.00000 9525.00000 9678.00000 9831.00000 9984.00000 10137.00000 10290.00000 10443.00000 10596.00000 10749.00000 10902.00000 11055.00000 11208.00000 11361.00000 11514.00000 11667.00000 11820.00000 11973.00000 12126.00000 12279.00000 12432.00000 12585.00000 12738.00000 12891.00000 13044.00000 13197.00000 13350.00000 13503.00000 13656.00000 13809.00000 13962.00000 14115.00000 14268.00000 14421.00000 14574.00000 14727.00000 14880.00000 15033.00000 15186.00000 15339.00000 15492.00000 15645.00000 15798.00000 15951.00000 16104.00000 16257.00000 16410.00000 16563.00000 16716.00000 16869.00000 17022.00000 17175.00000 17328.00000
8761.00000 8914.00000 9067.00000 9220.00000 9373.00000 9526.00000 9679.00000 9832.00000 9985.00000 10138.00000 10291.00000 10444.00000 10597.00000 10750.00000 10903.00000 11056.00000 11209.00000 11362.00000 11515.00000 11668.00000 11821.00000 11974.00000 12127.00000 12280.00000 12433.00000 12586.00000 12739.00000 12892.00000 13045.00000 13198.00000 13351.00000 13504.00000 13657.00000 13810.00000 13963.00000 14116.00000 14269.00000 14422.00000 14575.00000 14728.00000 14881.00000 15034.00000 15187.00000 15340.00000 15493.00000 15646.00000 15799.00000 15952.00000 16105.00000 16258.00000 16411.00000 16564.00000 16717.00000 16870.00000 17023.00000 17176.00000 17329.00000
8762.00000 8915.00000 9068.00000 9221.00000 9374.00000 9527.00000 9680.00000 9833.00000 9986.00000 10139.00000 10292.00000 10445.00000 10598.00000 10751.00000 10904.00000 11057.00000 11210.00000 11363.00000 11516.00000 11669.00000 11822.00000 11975.00000 12128.00000 12281.00000 12434.00000 12587.00000 12740.00000 12893.00000 13046.00000 13199.00000 13352.00000 13505.00000 13658.00000 13811.00000 13964.00000 14117.00000 14270.00000 14423.00000 14576.00000 14729.00000 14882.00000 15035.00000 15188.00000 15341.00000 15494.00000 15647.00000 15800.00000 15953.00000 16106.00000 16259.00000 16412.00000 16565.00000 16718.00000 16871.00000 17024.00000 17177.00000 17330.00000
8763.00000 8916.00000 9069.00000 9222.00000 9375.00000 9528.00000 9681.00000 9834.00000 9987.00000 10140.00000 10293.00000 10446.00000 10599.00000 10752.00000 10905.00000 11058.00000 11211.00000 11364.00000 11517.00000 11670.00000 11823.00000 11976.00000 12129.00000 12282.00000 12435.00000 12588.00000 12741.00000 12894.00000 13047.00000 13200.00000 13353.00000 13506.00000 13659.00000 13812.00000 13965.00000 14118.00000 14271.00000 14424.00000 14577.00000 14730.00000 14883.00000 15036.00000 15189.00000 15342.00000 15495.00000 15648.00000 15801.00000 15954.00000 16107.00000 16260.00000 16413.00000 16566.00000 16719.00000 16872.00000 17025.00000 17178.00000 17331.00000
8764.00000 8917.00000 9070.00000 9223.00000 9376.00000 9529.00000 9682.00000 9835.00000 9988.00000 10141.00000 10294.00000 10447.00000 10600.00000 10753.00000 10906.00000 11059.00000 11212.00000 11365.00000 11518.00000 11671.00000 11824.00000 11977.00000 12130.00000 12283.00000 12436.00000 12589.00000 12742.00000 12895.00000 13048.00000 13201.00000 13354.00000 13507.00000 13660.00000 13813.00000 13966.00000 14119.00000 14272.00000 14425.00000 14578.00000 14731.00000 14884.00000 15037.00000 15190.00000 15343.00000 15496.00000 15649.00000 15802.00000 15955.00000 16108.00000 16261.00000 16414.00000 16567.00000 16720.00000 16873.00000 17026.00000 17179.00000 17332.00000
8765.00000 8918.00000 9071.00000 9224.00000 9377.00000 9530.00000 9683.00000 9836.00000 9989.00000 10142.00000 10295.00000 10448.00000 10601.00000 10754.00000 10907.00000 11060.00000 11213.00000 11366.00000 11519.00000 11672.00000 11825.00000 11978.00000 12131.00000 12284.00000 12437.00000 12590.00000 12743.00000 12896.00000 13049.00000 13202.00000 13355.00000 13508.00000 13661.00000 13814.00000 13967.00000 14120.00000 14273.00000 14426.00000 14579.00000 14732.00000 14885.00000 15038.00000 15191.00000 15344.00000 15497.00000 15650.00000 15803.00000 15956.00000 16109.00000 16262.00000 16415.00000 16568.00000 16721.00000 16874.00000 17027.00000 17180.00000 17333.00000
8766.00000 8919.00000 9072.00000 9225.00000 9378.00000 9531.00000 9684.00000 9837.00000 9990.00000 10143.00000 10296.00000 10449.00000 10602.00000 10755.00000 10908.00000 11061.00000 11214.00000 11367.00000 11520.00000 11673.00000 11826.00000 11979.00000 12132.00000 12285.00000 12438.00000 12591.00000 12744.00000 12897.00000 13050.00000 13203.00000 13356.00000 13509.00000 13662.00000 13815.00000 13968.00000 14121.00000 14274.00000 14427.00000 14580.00000 14733.00000 14886.00000 15039.00000 15192.00000 15345.00000 15498.00000 15651.00000 15804.00000 15957.00000 16110.00000 16263.00000 16416.00000 16569.00000 16722.00000 16875.00000 17028.00000 17181.00000 17334.00000
8767.00000 8920.00000 9073.00000 9226.00000 9379.00000 9532.00000 9685.00000 9838.00000 9991.00000 10144.00000 10297.00000 10450.00000 10603.00000 10756.00000 10909.00000 11062.00000 11215.00000 11368.00000 11521.00000 11674.00000 11827.00000 11980.00000 12133.00000 12286.00000 12439.00000 12592.00000 12745.00000 12898.00000 13051.00000 13204.00000 13357.00000 13510.00000 13663.00000 13816.00000 13969.00000 14122.00000 14275.00000 14428.00000 14581.00000 14734.00000 14887.00000 15040.00000 15193.00000 15346.00000 15499.00000 15652.00000 15805.00000 15958.00000 16111.00000 16264.00000 16417.00000 16570.00000 16723.00000 16876.00000 17029.00000 17182.00000 17335.00000
8768.00000 8921.00000 9074.00000 9227.00000 9380.00000 9533.00000 9686.00000 9839.00000 9992.00000 10145.00000 10298.00000 10451.00000 10604.00000 10757.00000 10910.00000 11063.00000 11216.00000 11369.00000 11522.00000 11675.00000 11828.00000 11981.00000 12134.00000 12287.00000 12440.00000 12593.00000 12746.00000 12899.00000 13052.00000 13205.00000 13358.00000 13511.00000 13664.00000 13817.00000 13970.00000 14123.00000 14276.00000 14429.00000 14582.00000 14735.00000 14888.00000 15041.00000 15194.00000 15347.00000 15500.00000 15653.00000 15806.00000 15959.00000 16112.00000 16265.00000 16418.00000 16571.00000 16724.00000 16877.00000 17030.00000 17183.00000 17336.00000
8769.00000 8922.00000 9075.00000 9228.00000 9381.00000 9534.00000 9687.00000 9840.00000 9993.00000 10146.00000 10299.00000 10452.00000 10605.00000 10758.00000 10911.00000 11064.00000 11217.00000 11370.00000 11523.00000 11676.00000 11829.00000 11982.00000 12135.00000 12288.00000 12441.00000 12594.00000 12747.00000 12900.00000 13053.00000 13206.00000 13359.00000 13512.00000 13665.00000 13818.00000 13971.00000 14124.00000 14277.00000 14430.00000 14583.00000 14736.00000 14889.00000 15042.00000 15195.00000 15348.00000 15501.00000 15654.00000 15807.00000 15960.00000 16113.00000 16266.00000 16419.00000 16572.00000 16725.00000 16878.00000 17031.00000 17184.00000 17337.00000
8770.00000 8923.00000 9076.00000 9229.00000 9382.00000 9535.00000 9688.00000 9841.00000 9994.00000 10147.00000 10300.00000 10453.00000 10606.00000 10759.00000 10912.00000 11065.00000 11218.00000 11371.00000 11524.00000 11677.00000 11830.00000 11983.00000 12136.00000 12289.00000 12442.00000 12595.00000 12748.00000 12901.00000 13054.00000 13207.00000 13360.00000 13513.00000 13666.00000 13819.00000 13972.00000 14125.00000 14278.00000 14431.00000 14584.00000 14737.00000 14890.00000 15043.00000 15196.00000 15349.00000 15502.00000 15655.00000 15808.00000 15961.00000 16114.00000 16267.00000 16420.00000 16573.00000 16726.00000 16879.00000 17032.00000 17185.00000 17338.00000
8771.00000 8924.00000 9077.00000 9230.00000 9383.00000 9536.00000 9689.00000 9842.00000 9995.00000 10148.00000 10301.00000 10454.00000 10607.00000 10760.00000 10913.00000 11066.00000 11219.00000 11372.00000 11525.00000 11678.00000 11831.00000 11984.00000 12137.00000 12290.00000 12443.00000 12596.00000 12749.00000 12902.00000 13055.00000 13208.00000 13361.00000 13514.00000 13667.00000 13820.00000 13973.00000 14126.00000 14279.00000 14432.00000 14585.00000 14738.00000 14891.00000 15044.00000 15197.00000 15350.00000 15503.00000 15656.00000 15809.00000 15962.00000 16115.00000 16268.00000 16421.00000 16574.00000 16727.00000 16880.00000 17033.00000 17186.00000 17339.00000
