ActiveModelCells.asc
NCOLS 137
NROWS 153
XLLCORNER 0.000000
YLLCORNER 0.000000
CELLSIZE 400.000000
NODATA_VALUE 0
[rows 100 to 124 of 153, columns 57 to 113 of 137]
8822.00000 8975.00000 9128.00000 9281.00000 9434.00000 9587.00000 9740.00000 9893.00000 10046.00000 10199.00000 10352.00000 10505.00000 10658.00000 10811.00000 10964.00000 11117.00000 11270.00000 11423.00000 11576.00000 11729.00000 11882.00000 12035.00000 12188.00000 12341.00000 12494.00000 12647.00000 12800.00000 12953.00000 13106.00000 13259.00000 13412.00000 13565.00000 13718.00000 13871.00000 14024.00000 14177.00000 14330.00000 14483.00000 14636.00000 14789.00000 14942.00000 15095.00000 15248.00000 15401.00000 15554.00000 15707.00000 15860.00000 16013.00000 16166.00000 16319.00000 16472.00000 16625.00000 16778.00000 16931.00000 17084.00000 17237.00000 17390.00000
8823.00000 8976.00000 9129.00000 9282.00000 9435.00000 9588.00000 9741.00000 9894.00000 10047.00000 10200.00000 10353.00000 10506.00000 10659.00000 10812.00000 10965.00000 11118.00000 11271.00000 11424.00000 11577.00000 11730.00000 11883.00000 12036.00000 12189.00000 12342.00000 12495.00000 12648.00000 12801.00000 12954.00000 13107.00000 13260.00000 13413.00000 13566.00000 13719.00000 13872.00000 14025.00000 14178.00000 14331.00000 14484.00000 14637.00000 14790.00000 14943.00000 15096.00000 15249.00000 15402.00000 15555.00000 15708.00000 15861.00000 16014.00000 16167.00000 16320.00000 16473.00000 16626.00000 16779.00000 16932.00000 17085.00000 17238.00000 17391.00000
8824.00000 8977.00000 9130.00000 9283.00000 9436.00000 9589.00000 9742.00000 9895.00000 10048.00000 10201.00000 10354.00000 10507.00000 10660.00000 10813.00000 10966.00000 11119.00000 11272.00000 11425.00000 11578.00000 11731.00000 11884.00000 12037.00000 12190.00000 12343.00000 12496.00000 12649.00000 12802.00000 12955.00000 13108.00000 13261.00000 13414.00000 13567.00000 13720.00000 13873.00000 14026.00000 14179.00000 14332.00000 14485.00000 14638.00000 14791.00000 14944.00000 15097.00000 15250.00000 15403.00000 15556.00000 15709.00000 15862.00000 16015.00000 16168.00000 16321.00000 16474.00000 16627.00000 16780.00000 16933.00000 17086.00000 17239.00000 17392.00000
8825.00000 8978.00000 9131.00000 9284.00000 9437.00000 9590.00000 9743.00000 9896.00000 10049.00000 10202.00000 10355.00000 10508.00000 10661.00000 10814.00000 10967.00000 11120.00000 11273.00000 11426.00000 11579.00000 11732.00000 11885.00000 12038.00000 12191.00000 12344.00000 12497.00000 12650.00000 12803.00000 12956.00000 13109.00000 13262.00000 13415.00000 13568.00000 13721.00000 13874.00000 14027.00000 14180.00000 14333.00000 14486.00000 14639.00000 14792.00000 14945.00000 15098.00000 15251.00000 15404.00000 15557.00000 15710.00000 15863.00000 16016.00000 16169.00000 16322.00000 16475.00000 16628.00000 16781.00000 16934.00000 17087.00000 17240.00000 17393.00000
8826.00000 8979.00000 9132.00000 9285.00000 9438.00000 9591.00000 9744.00000 9897.00000 10050.00000 10203.00000 10356.00000 10509.00000 10662.00000 10815.00000 10968.00000 11121.00000 11274.00000 11427.00000 11580.00000 11733.00000 11886.00000 12039.00000 12192.00000 12345.00000 12498.00000 12651.00000 12804.00000 12957.00000 13110.00000 13263.00000 13416.00000 13569.00000 13722.00000 13875.00000 14028.00000 14181.00000 14334.00000 14487.00000 14640.00000 14793.00000 14946.00000 15099.00000 15252.00000 15405.00000 15558.00000 15711.00000 15864.00000 16017.00000 16170.00000 16323.00000 16476.00000 16629.00000 16782.00000 16935.00000 17088.00000 17241.00000 17394.00000
8827.00000 8980.00000 9133.00000 9286.00000 9439.00000 9592.00000 9745.00000 9898.00000 10051.00000 10204.00000 10357.00000 10510.00000 10663.00000 10816.00000 10969.00000 11122.00000 11275.00000 11428.00000 11581.00000 11734.00000 11887.00000 12040.00000 12193.00000 12346.00000 12499.00000 12652.00000 12805.00000 12958.00000 13111.00000 13264.00000 13417.00000 13570.00000 13723.00000 13876.00000 14029.00000 14182.00000 14335.00000 14488.00000 14641.00000 14794.00000 14947.00000 15100.00000 15253.00000 15406.00000 15559.00000 15712.00000 15865.00000 16018.00000 16171.00000 16324.00000 16477.00000 16630.00000 16783.00000 16936.00000 17089.00000 17242.00000 17395.00000
8828.00000 8981.00000 9134.00000 9287.00000 9440.00000 9593.00000 9746.00000 9899.00000 10052.00000 10205.00000 10358.00000 10511.00000 10664.00000 10817.00000 10970.00000 11123.00000 11276.00000 11429.00000 11582.00000 11735.00000 11888.00000 12041.00000 12194.00000 12347.00000 12500.00000 12653.00000 12806.00000 12959.00000 13112.00000 13265.00000 13418.00000 13571.00000 13724.00000 13877.00000 14030.00000 14183.00000 14336.00000 14489.00000 14642.00000 14795.00000 14948.00000 15101.00000 15254.00000 15407.00000 15560.00000 15713.00000 15866.00000 16019.00000 16172.00000 16325.00000 16478.00000 16631.00000 16784.00000 16937.00000 17090.00000 17243.00000 17396.00000
8829.00000 8982.00000 9135.00000 9288.00000 9441.00000 9594.00000 9747.00000 9900.00000 10053.00000 10206.00000 10359.00000 10512.00000 10665.00000 10818.00000 10971.00000 11124.00000 11277.00000 11430.00000 11583.00000 11736.00000 11889.00000 12042.00000 12195.00000 12348.00000 12501.00000 12654.00000 12807.00000 12960.00000 13113.00000 13266.00000 13419.00000 13572.00000 13725.00000 13878.00000 14031.00000 14184.00000 14337.00000 14490.00000 14643.00000 14796.00000 14949.00000 15102.00000 15255.00000 15408.00000 15561.00000 15714.00000 15867.00000 16020.00000 16173.00000 16326.00000 16479.00000 16632.00000 16785.00000 16938.00000 17091.00000 17244.00000 17397.00000
8830.00000 8983.00000 9136.00000 9289.00000 9442.00000 9595.00000 9748.00000 9901.00000 10054.00000 10207.00000 10360.00000 10513.00000 10666.00000 10819.00000 10972.00000 11125.00000 11278.00000 11431.00000 11584.00000 11737.00000 11890.00000 12043.00000 12196.00000 12349.00000 12502.00000 12655.00000 12808.00000 12961.00000 13114.00000 13267.00000 13420.00000 13573.00000 13726.00000 13879.00000 14032.00000 14185.00000 14338.00000 14491.00000 14644.00000 14797.00000 14950.00000 15103.00000 15256.00000 15409.00000 15562.00000 15715.00000 15868.00000 16021.00000 16174.00000 16327.00000 16480.00000 16633.00000 16786.00000 16939.00000 17092.00000 17245.00000 17398.00000
8831.00000 8984.00000 9137.00000 9290.00000 9443.00000 9596.00000 9749.00000 9902.00000 10055.00000 10208.00000 10361.00000 10514.00000 10667.00000 10820.00000 10973.00000 11126.00000 11279.00000 11432.00000 11585.00000 11738.00000 11891.00000 12044.00000 12197.00000 12350.00000 12503.00000 12656.00000 12809.00000 12962.00000 13115.00000 13268.00000 13421.00000 13574.00000 13727.00000 13880.00000 14033.00000 14186.00000 14339.00000 14492.00000 14645.00000 14798.00000 14951.00000 15104.00000 15257.00000 15410.00000 15563.00000 15716.00000 15869.00000 16022.00000 16175.00000 16328.00000 16481.00000 16634.00000 16787.00000 16940.00000 17093.00000 17246.00000 17399.00000
8832.00000 8985.00000 9138.00000 9291.00000 9444.00000 9597.00000 9750.00000 9903.00000 10056.00000 10209.00000 10362.00000 10515.00000 10668.00000 10821.00000 10974.00000 11127.00000 11280.00000 11433.00000 11586.00000 11739.00000 11892.00000 12045.00000 12198.00000 12351.00000 12504.00000 12657.00000 12810.00000 12963.00000 13116.00000 13269.00000 13422.00000 13575.00000 13728.00000 13881.00000 14034.00000 14187.00000 14340.00000 14493.00000 14646.00000 14799.00000 14952.00000 15105.00000 15258.00000 15411.00000 15564.00000 15717.00000 15870.00000 16023.00000 16176.00000 16329.00000 16482.00000 16635.00000 16788.00000 16941.00000 17094.00000 17247.00000 17400.00000
8833.00000 8986.00000 9139.00000 9292.00000 9445.00000 9598.00000 9751.00000 9904.00000 10057.00000 10210.00000 10363.00000 10516.00000 10669.00000 10822.00000 10975.00000 11128.00000 11281.00000 11434.00000 11587.00000 11740.00000 11893.00000 12046.00000 12199.00000 12352.00000 12505.00000 12658.00000 12811.00000 12964.00000 13117.00000 13270.00000 13423.00000 13576.00000 13729.00000 13882.00000 14035.00000 14188.00000 14341.00000 14494.00000 14647.00000 14800.00000 14953.00000 15106.00000 15259.00000 15412.00000 15565.00000 15718.00000 15871.00000 16024.00000 16177.00000 16330.00000 16483.00000 16636.00000 16789.00000 16942.00000 17095.00000 17248.00000 17401.00000
8834.00000 8987.00000 9140.00000 9293.00000 9446.00000 9599.00000 9752.00000 9905.00000 10058.00000 10211.00000 10364.00000 10517.00000 10670.00000 10823.00000 10976.00000 11129.00000 11282.00000 11435.00000 11588.00000 11741.00000 11894.00000 12047.00000 12200.00000 12353.00000 12506.00000 12659.00000 12812.00000 12965.00000 13118.00000 13271.00000 13424.00000 13577.00000 13730.00000 13883.00000 14036.00000 14189.00000 14342.00000 14495.00000 14648.00000 14801.00000 14954.00000 15107.00000 15260.00000 15413.00000 15566.00000 15719.00000 15872.00000 16025.00000 16178.00000 16331.00000 16484.00000 16637.00000 16790.00000 16943.00000 17096.00000 17249.00000 17402.00000
8835.00000 8988.00000 9141.00000 9294.00000 9447.00000 9600.00000 9753.00000 9906.00000 10059.00000 10212.00000 10365.00000 10518.00000 10671.00000 10824.00000 10977.00000 11130.00000 11283.00000 11436.00000 11589.00000 11742.00000 11895.00000 12048.00000 12201.00000 12354.00000 12507.00000 12660.00000 12813.00000 12966.00000 13119.00000 13272.00000 13425.00000 13578.00000 13731.00000 13884.00000 14037.00000 14190.00000 14343.00000 14496.00000 14649.00000 14802.00000 14955.00000 15108.00000 15261.00000 15414.00000 15567.00000 15720.00000 15873.00000 16026.00000 16179.00000 16332.00000 16485.00000 16638.00000 16791.00000 16944.00000 17097.00000 17250.00000 17403.00000
8836.00000 8989.00000 9142.00000 9295.00000 9448.00000 9601.00000 9754.00000 9907.00000 10060.00000 10213.00000 10366.00000 10519.00000 10672.00000 10825.00000 10978.00000 11131.00000 11284.00000 11437.00000 11590.00000 11743.00000 11896.00000 12049.00000 12202.00000 12355.00000 12508.00000 12661.00000 12814.00000 12967.00000 13120.00000 13273.00000 13426.00000 13579.00000 13732.00000 13885.00000 14038.00000 14191.00000 14344.00000 14497.00000 14650.00000 14803.00000 14956.00000 15109.00000 15262.00000 15415.00000 15568.00000 15721.00000 15874.00000 16027.00000 16180.00000 16333.00000 16486.00000 16639.00000 16792.00000 16945.00000 17098.00000 17251.00000 17404.00000
8837.00000 8990.00000 9143.00000 9296.00000 9449.00000 9602.00000 9755.00000 9908.00000 10061.00000 10214.00000 10367.00000 10520.00000 10673.00000 10826.00000 10979.00000 11132.00000 11285.00000 11438.00000 11591.00000 11744.00000 11897.00000 12050.00000 12203.00000 12356.00000 12509.00000 12662.00000 12815.00000 12968.00000 13121.00000 13274.00000 13427.00000 13580.00000 13733.00000 13886.00000 14039.00000 14192.00000 14345.00000 14498.00000 14651.00000 14804.00000 14957.00000 15110.00000 15263.00000 15416.00000 15569.00000 15722.00000 15875.00000 16028.00000 16181.00000 16334.00000 16487.00000 16640.00000 16793.00000 16946.00000 17099.00000 17252.00000 17405.00000
8838.00000 8991.00000 9144.00000 9297.00000 9450.00000 9603.00000 9756.00000 9909.00000 10062.00000 10215.00000 10368.00000 10521.00000 10674.00000 10827.00000 10980.00000 11133.00000 11286.00000 11439.00000 11592.00000 11745.00000 11898.00000 12051.00000 12204.00000 12357.00000 12510.00000 12663.00000 12816.00000 12969.00000 13122.00000 13275.00000 13428.00000 13581.00000 13734.00000 13887.00000 14040.00000 14193.00000 14346.00000 14499.00000 14652.00000 14805.00000 14958.00000 15111.00000 15264.00000 15417.00000 15570.00000 15723.00000 15876.00000 16029.00000 16182.00000 16335.00000 16488.00000 16641.00000 16794.00000 16947.00000 17100.00000 17253.00000 17406.00000
8839.00000 8992.00000 9145.00000 9298.00000 9451.00000 9604.00000 9757.00000 9910.00000 10063.00000 10216.00000 10369.00000 10522.00000 10675.00000 10828.00000 10981.00000 11134.00000 11287.00000 11440.00000 11593.00000 11746.00000 11899.00000 12052.00000 12205.00000 12358.00000 12511.00000 12664.00000 12817.00000 12970.00000 13123.00000 13276.00000 13429.00000 13582.00000 13735.00000 13888.00000 14041.00000 14194.00000 14347.00000 14500.00000 14653.00000 14806.00000 14959.00000 15112.00000 15265.00000 15418.00000 15571.00000 15724.00000 15877.00000 16030.00000 16183.00000 16336.00000 16489.00000 16642.00000 16795.00000 16948.00000 17101.00000 17254.00000 17407.00000
8840.00000 8993.00000 9146.00000 9299.00000 9452.00000 9605.00000 9758.00000 9911.00000 10064.00000 10217.00000 10370.00000 10523.00000 10676.00000 10829.00000 10982.00000 11135.00000 11288.00000 11441.00000 11594.00000 11747.00000 11900.00000 12053.00000 12206.00000 12359.00000 12512.00000 12665.00000 12818.00000 12971.00000 13124.00000 13277.00000 13430.00000 13583.00000 13736.00000 13889.00000 14042.00000 14195.00000 14348.00000 14501.00000 14654.00000 14807.00000 14960.00000 15113.00000 15266.00000 15419.00000 15572.00000 15725.00000 15878.00000 16031.00000 16184.00000 16337.00000 16490.00000 16643.00000 16796.00000 16949.00000 17102.00000 17255.00000 17408.00000
8841.00000 8994.00000 9147.00000 9300.00000 9453.00000 9606.00000 9759.00000 9912.00000 10065.00000 10218.00000 10371.00000 10524.00000 10677.00000 10830.00000 10983.00000 11136.00000 11289.00000 11442.00000 11595.00000 11748.00000 11901.00000 12054.00000 12207.00000 12360.00000 12513.00000 12666.00000 12819.00000 12972.00000 13125.00000 13278.00000 13431.00000 13584.00000 13737.00000 13890.00000 14043.00000 14196.00000 14349.00000 14502.00000 14655.00000 14808.00000 14961.00000 15114.00000 15267.00000 15420.00000 15573.00000 15726.00000 15879.00000 16032.00000 16185.00000 16338.00000 16491.00000 16644.00000 16797.00000 16950.00000 17103.00000 17256.00000 17409.00000
8842.00000 8995.00000 9148.00000 9301.00000 9454.00000 9607.00000 9760.00000 9913.00000 10066.00000 10219.00000 10372.00000 10525.00000 10678.00000 10831.00000 10984.00000 11137.00000 11290.00000 11443.00000 11596.00000 11749.00000 11902.00000 12055.00000 12208.00000 12361.00000 12514.00000 12667.00000 12820.00000 12973.00000 13126.00000 13279.00000 13432.00000 13585.00000 13738.00000 13891.00000 14044.00000 14197.00000 14350.00000 14503.00000 14656.00000 14809.00000 14962.00000 15115.00000 15268.00000 15421.00000 15574.00000 15727.00000 15880.00000 16033.00000 16186.00000 16339.00000 16492.00000 16645.00000 16798.00000 16951.00000 17104.00000 17257.00000 17410.00000
8843.00000 8996.00000 9149.00000 9302.00000 9455.00000 9608.00000 9761.00000 9914.00000 10067.00000 10220.00000 10373.00000 10526.00000 10679.00000 10832.00000 10985.00000 11138.00000 11291.00000 11444.00000 11597.00000 11750.00000 11903.00000 12056.00000 12209.00000 12362.00000 12515.00000 12668.00000 12821.00000 12974.00000 13127.00000 13280.00000 13433.00000 13586.00000 13739.00000 13892.00000 14045.00000 14198.00000 14351.00000 14504.00000 14657.00000 14810.00000 14963.00000 15116.00000 15269.00000 15422.00000 15575.00000 15728.00000 15881.00000 16034.00000 16187.00000 16340.00000 16493.00000 16646.00000 16799.00000 16952.00000 17105.00000 17258.00000 17411.00000
8844.00000 8997.00000 9150.00000 9303.00000 9456.00000 9609.00000 9762.00000 9915.00000 10068.00000 10221.00000 10374.00000 10527.00000 10680.00000 10833.00000 10986.00000 11139.00000 11292.00000 11445.00000 11598.00000 11751.00000 11904.00000 12057.00000 12210.00000 12363.00000 12516.00000 12669.00000 12822.00000 12975.00000 13128.00000 13281.00000 13434.00000 13587.00000 13740.00000 13893.00000 14046.00000 14199.00000 14352.00000 14505.00000 14658.00000 14811.00000 14964.00000 15117.00000 15270.00000 15423.00000 15576.00000 15729.00000 15882.00000 16035.00000 16188.00000 16341.00000 16494.00000 16647.00000 16800.00000 16953.00000 17106.00000 17259.00000 17412.00000
8845.00000 8998.00000 9151.00000 9304.00000 9457.00000 9610.00000 9763.00000 9916.00000 10069.00000 10222.00000 10375.00000 10528.00000 10681.00000 10834.00000 10987.00000 11140.00000 11293.00000 11446.00000 11599.00000 11752.00000 11905.00000 12058.00000 12211.00000 12364.00000 12517.00000 12670.00000 12823.00000 12976.00000 13129.00000 13282.00000 13435.00000 13588.00000 13741.00000 13894.00000 14047.00000 14200.00000 14353.00000 14506.00000 14659.00000 14812.00000 14965.00000 15118.00000 15271.00000 15424.00000 15577.00000 15730.00000 15883.00000 16036.00000 16189.00000 16342.00000 16495.00000 16648.00000 16801.00000 16954.00000 17107.00000 17260.00000 17413.00000
8846.00000 8999.00000 9152.00000 9305.00000 9458.00000 9611.00000 9764.00000 9917.00000 10070.00000 10223.00000 10376.00000 10529.00000 10682.00000 10835.00000 10988.00000 11141.00000 11294.00000 11447.00000 11600.00000 11753.00000 11906.00000 12059.00000 12212.00000 12365.00000 12518.00000 12671.00000 12824.00000 12977.00000 13130.00000 13283.00000 13436.00000 13589.00000 13742.00000 13895.00000 14048.00000 14201.00000 14354.00000 14507.00000 14660.00000 14813.00000 14966.00000 15119.00000 15272.00000 15425.00000 15578.00000 15731.00000 15884.00000 16037.00000 16190.00000 16343.00000 16496.00000 16649.00000 16802.00000 16955.00000 17108.00000 17261.00000 17414.00000
