ActiveModelCells.asc
NCOLS 137
NROWS 153
XLLCORNER 0.000000
YLLCORNER 0.000000
CELLSIZE 400.000000
NODATA_VALUE 0
[rows 100 to 124 of 153, columns 0 to 56 of 137]
0.00000 0.00000 0.00000 0.00000 0.00000 0.00000 0.00000 0.00000 0.00000 0.00000 0.00000 0.00000 0.00000 0.00000 0.00000 0.00000 0.00000 0.00000 0.00000 0.00000 0.00000 0.00000 0.00000 0.00000 0.00000 0.00000 0.00000 0.00000 4385.00000 4538.00000 4691.00000 4844.00000 4997.00000 5150.00000 5303.00000 5456.00000 5609.00000 5762.00000 5915.00000 6068.00000 6221.00000 6374.00000 6527.00000 6680.00000 6833.00000 6986.00000 7139.00000 7292.00000 7445.00000 7598.00000 7751.00000 7904.00000 8057.00000 8210.00000 8363.00000 8516.00000 8669.00000
0.00000 0.00000 0.00000 0.00000 0.00000 0.00000 0.00000 0.00000 0.00000 0.00000 0.00000 0.00000 0.00000 0.00000 0.00000 0.00000 0.00000 0.00000 0.00000 0.00000 0.00000 0.00000 0.00000 0.00000 0.00000 0.00000 0.00000 0.00000 4386.00000 4539.00000 4692.00000 4845.00000 4998.00000 5151.00000 5304.00000 5457.00000 5610.00000 5763.00000 5916.00000 6069.00000 6222.00000 6375.00000 6528.00000 6681.00000 6834.00000 6987.00000 7140.00000 7293.00000 7446.00000 7599.00000 7752.00000 7905.00000 8058.00000 8211.00000 8364.00000 8517.00000 8670.00000
0.00000 0.00000 0.00000 0.00000 0.00000 0.00000 0.00000 0.00000 0.00000 0.00000 0.00000 0.00000 0.00000 0.00000 0.00000 0.00000 0.00000 0.00000 0.00000 0.00000 0.00000 0.00000 0.00000 0.00000 0.00000 0.00000 0.00000 0.00000 4387.00000 4540.00000 4693.00000 4846.00000 4999.00000 5152.00000 5305.00000 5458.00000 5611.00000 5764.00000 5917.00000 6070.00000 6223.00000 6376.00000 6529.00000 6682.00000 6835.00000 6988.00000 7141.00000 7294.00000 7447.00000 7600.00000 7753.00000 7906.00000 8059.00000 8212.00000 8365.00000 8518.00000 8671.00000
0.00000 0.00000 0.00000 0.00000 0.00000 0.00000 0.00000 0.00000 0.00000 0.00000 0.00000 0.00000 0.00000 0.00000 0.00000 0.00000 0.00000 0.00000 0.00000 0.00000 0.00000 0.00000 0.00000 0.00000 0.00000 0.00000 0.00000 4235.00000 4388.00000 4541.00000 4694.00000 4847.00000 5000.00000 5153.00000 5306.00000 5459.00000 5612.00000 5765.00000 5918.00000 6071.00000 6224.00000 6377.00000 6530.00000 6683.00000 6836.00000 6989.00000 7142.00000 7295.00000 7448.00000 7601.00000 7754.00000 7907.00000 8060.00000 8213.00000 8366.00000 8519.00000 8672.00000
0.00000 0.00000 0.00000 0.00000 0.00000 0.00000 0.00000 0.00000 0.00000 0.00000 0.00000 0.00000 0.00000 0.00000 0.00000 0.00000 0.00000 0.00000 0.00000 0.00000 0.00000 0.00000 0.00000 0.00000 0.00000 3930.00000 4083.00000 4236.00000 4389.00000 4542.00000 4695.00000 4848.00000 5001.00000 5154.00000 5307.00000 5460.00000 5613.00000 5766.00000 5919.00000 6072.00000 6225.00000 6378.00000 6531.00000 6684.00000 6837.00000 6990.00000 7143.00000 7296.00000 7449.00000 7602.00000 7755.00000 7908.00000 8061.00000 8214.00000 8367.00000 8520.00000 8673.00000
0.00000 0.00000 0.00000 0.00000 0.00000 0.00000 0.00000 0.00000 0.00000 0.00000 0.00000 0.00000 0.00000 0.00000 0.00000 0.00000 0.00000 0.00000 0.00000 0.00000 0.00000 0.00000 0.00000 0.00000 0.00000 3931.00000 4084.00000 4237.00000 4390.00000 4543.00000 4696.00000 4849.00000 5002.00000 5155.00000 5308.00000 5461.00000 5614.00000 5767.00000 5920.00000 6073.00000 6226.00000 6379.00000 6532.00000 6685.00000 6838.00000 6991.00000 7144.00000 7297.00000 7450.00000 7603.00000 7756.00000 7909.00000 8062.00000 8215.00000 8368.00000 8521.00000 8674.00000
0.00000 0.00000 0.00000 0.00000 0.00000 0.00000 0.00000 0.00000 0.00000 0.00000 0.00000 0.00000 0.00000 0.00000 0.00000 0.00000 0.00000 0.00000 0.00000 0.00000 0.00000 0.00000 0.00000 0.00000 0.00000 0.00000 4085.00000 4238.00000 4391.00000 4544.00000 4697.00000 4850.00000 5003.00000 5156.00000 5309.00000 5462.00000 5615.00000 5768.00000 5921.00000 6074.00000 6227.00000 6380.00000 6533.00000 6686.00000 6839.00000 6992.00000 7145.00000 7298.00000 7451.00000 7604.00000 7757.00000 7910.00000 8063.00000 8216.00000 8369.00000 8522.00000 8675.00000
0.00000 0.00000 0.00000 0.00000 0.00000 0.00000 0.00000 0.00000 0.00000 0.00000 0.00000 0.00000 0.00000 0.00000 0.00000 0.00000 0.00000 0.00000 0.00000 0.00000 0.00000 0.00000 0.00000 0.00000 0.00000 3933.00000 4086.00000 4239.00000 4392.00000 4545.00000 4698.00000 4851.00000 5004.00000 5157.00000 5310.00000 5463.00000 5616.00000 5769.00000 5922.00000 6075.00000 6228.00000 6381.00000 6534.00000 6687.00000 6840.00000 6993.00000 7146.00000 7299.00000 7452.00000 7605.00000 7758.00000 7911.00000 8064.00000 8217.00000 8370.00000 8523.00000 8676.00000
0.00000 0.00000 0.00000 0.00000 0.00000 0.00000 0.00000 0.00000 0.00000 0.00000 0.00000 0.00000 0.00000 0.00000 0.00000 0.00000 0.00000 0.00000 0.00000 0.00000 0.00000 0.00000 0.00000 0.00000 0.00000 3934.00000 4087.00000 4240.00000 4393.00000 4546.00000 4699.00000 4852.00000 5005.00000 5158.00000 5311.00000 5464.00000 5617.00000 5770.00000 5923.00000 6076.00000 6229.00000 6382.00000 6535.00000 6688.00000 6841.00000 6994.00000 7147.00000 7300.00000 7453.00000 7606.00000 7759.00000 7912.00000 8065.00000 8218.00000 8371.00000 8524.00000 8677.00000
0.00000 0.00000 0.00000 0.00000 0.00000 0.00000 0.00000 0.00000 0.00000 0.00000 0.00000 0.00000 0.00000 0.00000 0.00000 0.00000 0.00000 0.00000 0.00000 0.00000 0.00000 0.00000 0.00000 0.00000 0.00000 3935.00000 4088.00000 4241.00000 4394.00000 4547.00000 4700.00000 4853.00000 5006.00000 5159.00000 5312.00000 5465.00000 5618.00000 5771.00000 5924.00000 6077.00000 6230.00000 6383.00000 6536.00000 6689.00000 6842.00000 6995.00000 7148.00000 7301.00000 7454.00000 7607.00000 7760.00000 7913.00000 8066.00000 8219.00000 8372.00000 8525.00000 8678.00000
0.00000 0.00000 0.00000 0.00000 0.00000 0.00000 0.00000 0.00000 0.00000 0.00000 0.00000 0.00000 0.00000 0.00000 0.00000 0.00000 0.00000 0.00000 0.00000 0.00000 0.00000 0.00000 0.00000 0.00000 3783.00000 3936.00000 4089.00000 4242.00000 4395.00000 4548.00000 4701.00000 4854.00000 5007.00000 5160.00000 5313.00000 5466.00000 5619.00000 5772.00000 5925.00000 6078.00000 6231.00000 6384.00000 6537.00000 6690.00000 6843.00000 6996.00000 7149.00000 7302.00000 7455.00000 7608.00000 7761.00000 7914.00000 8067.00000 8220.00000 8373.00000 8526.00000 8679.00000
0.00000 0.00000 0.00000 0.00000 0.00000 0.00000 0.00000 0.00000 0.00000 0.00000 0.00000 0.00000 0.00000 0.00000 0.00000 0.00000 0.00000 0.00000 0.00000 0.00000 0.00000 0.00000 0.00000 0.00000 3784.00000 3937.00000 4090.00000 4243.00000 4396.00000 4549.00000 4702.00000 4855.00000 5008.00000 5161.00000 5314.00000 5467.00000 5620.00000 5773.00000 5926.00000 6079.00000 6232.00000 6385.00000 6538.00000 6691.00000 6844.00000 6997.00000 7150.00000 7303.00000 7456.00000 7609.00000 7762.00000 7915.00000 8068.00000 8221.00000 8374.00000 8527.00000 8680.00000
0.00000 0.00000 0.00000 0.00000 0.00000 0.00000 0.00000 0.00000 0.00000 0.00000 0.00000 0.00000 0.00000 0.00000 0.00000 0.00000 0.00000 0.00000 0.00000 0.00000 0.00000 0.00000 0.00000 3632.00000 3785.00000 3938.00000 4091.00000 4244.00000 4397.00000 4550.00000 4703.00000 4856.00000 5009.00000 5162.00000 5315.00000 5468.00000 5621.00000 5774.00000 5927.00000 6080.00000 6233.00000 6386.00000 6539.00000 6692.00000 6845.00000 6998.00000 7151.00000 7304.00000 7457.00000 7610.00000 7763.00000 7916.00000 8069.00000 8222.00000 8375.00000 8528.00000 8681.00000
0.00000 0.00000 0.00000 0.00000 0.00000 0.00000 0.00000 0.00000 0.00000 0.00000 0.00000 0.00000 0.00000 0.00000 0.00000 0.00000 0.00000 0.00000 0.00000 0.00000 0.00000 0.00000 0.00000 3633.00000 3786.00000 3939.00000 4092.00000 4245.00000 4398.00000 4551.00000 4704.00000 4857.00000 5010.00000 5163.00000 5316.00000 5469.00000 5622.00000 5775.00000 5928.00000 6081.00000 6234.00000 6387.00000 6540.00000 6693.00000 6846.00000 6999.00000 7152.00000 7305.00000 7458.00000 7611.00000 7764.00000 7917.00000 8070.00000 8223.00000 8376.00000 8529.00000 8682.00000
0.00000 0.00000 0.00000 0.00000 0.00000 0.00000 0.00000 0.00000 0.00000 0.00000 0.00000 0.00000 0.00000 0.00000 0.00000 0.00000 0.00000 0.00000 0.00000 0.00000 0.00000 0.00000 3481.00000 3634.00000 3787.00000 3940.00000 4093.00000 4246.00000 4399.00000 4552.00000 4705.00000 4858.00000 5011.00000 5164.00000 5317.00000 5470.00000 5623.00000 5776.00000 5929.00000 6082.00000 6235.00000 6388.00000 6541.00000 6694.00000 6847.00000 7000.00000 7153.00000 7306.00000 7459.00000 7612.00000 7765.00000 7918.00000 8071.00000 8224.00000 8377.00000 8530.00000 8683.00000
0.00000 0.00000 0.00000 0.00000 0.00000 0.00000 0.00000 0.00000 0.00000 0.00000 0.00000 0.00000 0.00000 0.00000 0.00000 0.00000 0.00000 0.00000 0.00000 0.00000 0.00000 0.00000 3482.00000 3635.00000 3788.00000 3941.00000 4094.00000 4247.00000 4400.00000 4553.00000 4706.00000 4859.00000 5012.00000 5165.00000 5318.00000 5471.00000 5624.00000 5777.00000 5930.00000 6083.00000 6236.00000 6389.00000 6542.00000 6695.00000 6848.00000 7001.00000 7154.00000 7307.00000 7460.00000 7613.00000 7766.00000 7919.00000 8072.00000 8225.00000 8378.00000 8531.00000 8684.00000
0.00000 0.00000 0.00000 0.00000 0.00000 0.00000 0.00000 0.00000 0.00000 0.00000 0.00000 0.00000 0.00000 0.00000 0.00000 0.00000 0.00000 0.00000 0.00000 0.00000 0.00000 3330.00000 3483.00000 3636.00000 3789.00000 3942.00000 4095.00000 4248.00000 4401.00000 4554.00000 4707.00000 4860.00000 5013.00000 5166.00000 5319.00000 5472.00000 5625.00000 5778.00000 5931.00000 6084.00000 6237.00000 6390.00000 6543.00000 6696.00000 6849.00000 7002.00000 7155.00000 7308.00000 7461.00000 7614.00000 7767.00000 7920.00000 8073.00000 8226.00000 8379.00000 8532.00000 8685.00000
0.00000 0.00000 0.00000 0.00000 0.00000 0.00000 0.00000 0.00000 0.00000 0.00000 0.00000 0.00000 0.00000 0.00000 0.00000 0.00000 0.00000 0.00000 0.00000 0.00000 0.00000 3331.00000 3484.00000 3637.00000 3790.00000 3943.00000 4096.00000 4249.00000 4402.00000 4555.00000 4708.00000 4861.00000 5014.00000 5167.00000 5320.00000 5473.00000 5626.00000 5779.00000 5932.00000 6085.00000 6238.00000 6391.00000 6544.00000 6697.00000 6850.00000 7003.00000 7156.00000 7309.00000 7462.00000 7615.00000 7768.00000 7921.00000 8074.00000 8227.00000 8380.00000 8533.00000 8686.00000
0.00000 0.00000 0.00000 0.00000 0.00000 0.00000 0.00000 0.00000 0.00000 0.00000 0.00000 0.00000 0.00000 0.00000 0.00000 0.00000 0.00000 0.00000 0.00000 0.00000 0.00000 3332.00000 3485.00000 3638.00000 3791.00000 3944.00000 4097.00000 4250.00000 4403.00000 4556.00000 4709.00000 4862.00000 5015.00000 5168.00000 5321.00000 5474.00000 5627.00000 5780.00000 5933.00000 6086.00000 6239.00000 6392.00000 6545.00000 6698.00000 6851.00000 7004.00000 7157.00000 7310.00000 7463.00000 7616.00000 7769.00000 7922.00000 8075.00000 8228.00000 8381.00000 8534.00000 8687.00000
0.00000 0.00000 0.00000 0.00000 0.00000 0.00000 0.00000 0.00000 0.00000 0.00000 0.00000 0.00000 0.00000 0.00000 0.00000 0.00000 0.00000 0.00000 0.00000 0.00000 0.00000 3333.00000 3486.00000 3639.00000 3792.00000 3945.00000 4098.00000 4251.00000 4404.00000 4557.00000 4710.00000 4863.00000 5016.00000 5169.00000 5322.00000 5475.00000 5628.00000 5781.00000 5934.00000 6087.00000 6240.00000 6393.00000 6546.00000 6699.00000 6852.00000 7005.00000 7158.00000 7311.00000 7464.00000 7617.00000 7770.00000 7923.00000 8076.00000 8229.00000 8382.00000 8535.00000 8688.00000
0.00000 0.00000 0.00000 0.00000 0.00000 0.00000 0.00000 0.00000 0.00000 0.00000 0.00000 0.00000 0.00000 0.00000 0.00000 0.00000 0.00000 0.00000 0.00000 0.00000 0.00000 0.00000 3487.00000 3640.00000 3793.00000 3946.00000 4099.00000 4252.00000 4405.00000 4558.00000 4711.00000 4864.00000 5017.00000 5170.00000 5323.00000 5476.00000 5629.00000 5782.00000 5935.00000 6088.00000 6241.00000 6394.00000 6547.00000 6700.00000 6853.00000 7006.00000 7159.00000 7312.00000 7465.00000 7618.00000 7771.00000 7924.00000 8077.00000 8230.00000 8383.00000 8536.00000 8689.00000
0.00000 0.00000 0.00000 0.00000 0.00000 0.00000 0.00000 0.00000 0.00000 0.00000 0.00000 0.00000 0.00000 0.00000 0.00000 0.00000 0.00000 0.00000 0.00000 0.00000 0.00000 0.00000 0.00000 3641.00000 3794.00000 3947.00000 4100.00000 4253.00000 4406.00000 4559.00000 4712.00000 4865.00000 5018.00000 5171.00000 5324.00000 5477.00000 5630.00000 5783.00000 5936.00000 6089.00000 6242.00000 6395.00000 6548.00000 6701.00000 6854.00000 7007.00000 7160.00000 7313.00000 7466.00000 7619.00000 7772.00000 7925.00000 8078.00000 8231.00000 8384.00000 8537.00000 8690.00000
0.00000 0.00000 0.00000 0.00000 0.00000 0.00000 0.00000 0.00000 0.00000 0.00000 0.00000 0.00000 0.00000 0.00000 0.00000 0.00000 0.00000 0.00000 0.00000 0.00000 0.00000 0.00000 0.00000 3642.00000 3795.00000 3948.00000 4101.00000 4254.00000 4407.00000 4560.00000 4713.00000 4866.00000 5019.00000 5172.00000 5325.00000 5478.00000 5631.00000 5784.00000 5937.00000 6090.00000 6243.00000 6396.00000 6549.00000 6702.00000 6855.00000 7008.00000 7161.00000 7314.00000 7467.00000 7620.00000 7773.00000 7926.00000 8079.00000 8232.00000 8385.00000 8538.00000 8691.00000
0.00000 0.00000 0.00000 0.00000 0.00000 0.00000 0.00000 0.00000 0.00000 0.00000 0.00000 0.00000 0.00000 0.00000 0.00000 0.00000 0.00000 0.00000 0.00000 0.00000 0.00000 0.00000 0.00000 3643.00000 3796.00000 3949.00000 4102.00000 4255.00000 4408.00000 4561.00000 4714.00000 4867.00000 5020.00000 5173.00000 5326.00000 5479.00000 5632.00000 5785.00000 5938.00000 6091.00000 6244.00000 6397.00000 6550.00000 6703.00000 6856.00000 7009.00000 7162.00000 7315.00000 7468.00000 7621.00000 7774.00000 7927.00000 8080.00000 8233.00000 8386.00000 8539.00000 8692.00000
0.00000 0.00000 0.00000 0.00000 0.00000 0.00000 0.00000 0.00000 0.00000 0.00000 0.00000 0.00000 0.00000 0.00000 0.00000 0.00000 0.00000 0.00000 0.00000 0.00000 0.00000 0.00000 3491.00000 3644.00000 3797.00000 3950.00000 4103.00000 4256.00000 4409.00000 4562.00000 4715.00000 4868.00000 5021.00000 5174.00000 5327.00000 5480.00000 5633.00000 5786.00000 5939.00000 6092.00000 6245.00000 6398.00000 6551.00000 6704.00000 6857.00000 7010.00000 7163.00000 7316.00000 7469.00000 7622.00000 7775.00000 7928.00000 8081.00000 8234.00000 8387.00000 8540.00000 8693.00000
